0.00863
0.02414
0.07060
0.09456
0.03393
0.07640
0.08878
0.08022
0.08974
0.03044
0.00865
0.07089
0.00454
0.00019
0.05560
0.02773
0.02643
0.08860
0.03050
0.08131
0.06067
0.00362
0.01731
0.03120
0.09779
0.00950
0.02650
0.09440
0.03502
0.00858
0.05082
0.06088
0.06721
0.09779
0.06784
0.00932
0.00417
0.08222
0.07602
0.09561
0.09274
0.00411
0.05359
0.07570
0.02762
0.02126
0.04228
0.05122
0.03502
0.05039
0.07829
0.07569
0.06681
0.01049
0.06618
0.04050
0.06326
0.03861
0.04003
0.07497
0.03793
0.00651
0.00268
0.07598
0.16916
0.61993
1.05382
0.61352
0.21850
0.01000
0.09577
0.03350
0.03498
0.09329
0.03093
0.07805
0.09449
0.01333
0.07682
0.02511
0.09468
0.06396
0.04987
0.04895
0.01761
0.04733
0.03609
0.06676
0.07893
0.06739
0.00768
0.00143
0.05332
0.05589
0.06974
0.08811
0.06260
0.07367
0.01725
0.09572
